SKYSAT-A                
1 39418U 13066C   24273.88907356  .00008914  00000+0  60373-3 0  9998
2 39418  97.4769 331.0481 0022893 309.4755  50.4448 15.06498160594100
SKYSAT-B                
1 40072U 14037D   24273.86494271  .00004674  00000+0  55755-3 0  9997
2 40072  98.3266 190.2565 0007024 132.8459 227.3345 14.84775569553052
SKYSAT-C1               
1 41601U 16040C   24273.54797517  .00022457  00000+0  76123-3 0  9997
2 41601  97.0508 328.7502 0005424  72.7012 287.4822 15.30542227462101
SKYSAT-C4               
1 41771U 16058B   24273.88106419  .00029270  00000+0  86922-3 0  9994
2 41771  96.9987 316.1672 0003191 105.8552 254.3044 15.34733471449272
SKYSAT-C5               
1 41772U 16058C   24273.53521933  .00027488  00000+0  74599-3 0  9995
2 41772  97.1461 325.7514 0002525  68.4121 291.7394 15.37569782447704
SKYSAT-C2               
1 41773U 16058D   24273.75303790  .00023536  00000+0  74945-3 0  9994
2 41773  97.0013 314.2713 0003017 146.0543 214.0893 15.32557330449119
SKYSAT-C3               
1 41774U 16058E   24274.11834064  .00036067  00000+0  84722-3 0  9996
2 41774  96.9982 323.8294 0005781 152.0334 208.1226 15.41914743449803
SKYSAT-C11              
1 42987U 17068A   24274.11690107  .00039373  00000+0  10353-2 0  9994
2 42987  97.3680  41.3866 0020357 184.1640 175.9439 15.38264023386812
SKYSAT-C10              
1 42988U 17068B   24273.32130064  .00026222  00000+0  85895-3 0  9991
2 42988  97.3778  38.6350 0001167 252.9598 107.1515 15.31634491386525
SKYSAT-C9               
1 42989U 17068C   24273.78238864  .00027565  00000+0  91816-3 0  9990
2 42989  97.3708  37.4508 0006376 266.1063  93.9449 15.31067931386787
SKYSAT-C8               
1 42990U 17068D   24273.63261901  .00029448  00000+0  99588-3 0  9990
2 42990  97.3802  38.3699 0006497 164.6736 195.4703 15.30561605386516
SKYSAT-C7               
1 42991U 17068E   24273.92565430  .00031191  00000+0  97458-3 0  9999
2 42991  97.3806  39.2166 0001100  81.3490 278.7877 15.33113942386593
SKYSAT-C6               
1 42992U 17068F   24273.81168178  .00025894  00000+0  87835-3 0  9997
2 42992  97.3834  40.1708 0004067 160.5648 199.5749 15.30501644386616
SKYSAT-C12              
1 43797U 18099AR  24273.57626375  .00000109  00000+0  56851-5 0  9995
2 43797  97.0109 316.7880 0003613  16.9043 343.2319 15.32625613325635
SKYSAT-C13              
1 43802U 18099AW  24273.33969492  .00035217  00000+0  78626-3 0  9996
2 43802  97.0350 323.8503 0003027 179.9375 180.1874 15.43455196325495
SKYSAT-C15              
1 45790U 20038BN  24273.94665504  .00653290  20813-3  11224-2 0  9999
2 45790  52.9604 235.2195 0005793  61.0883 299.0726 16.01843118244716
FLOCK 4V-14             
1 46286U 20061Q   24274.16323206  .00121996  00000+0  15697-2 0  9994
2 46286  97.3409 349.9795 0004251 202.2138 157.8934 15.58641291226230
FLOCK 4V-8              
1 46288U 20061S   24273.89333501  .00125134  00000+0  17518-2 0  9996
2 46288  97.3442 349.2717 0004012 197.0595 163.0525 15.56361574226077
FLOCK 4V-13             
1 46297U 20061AB  24274.18459709  .00097630  00000+0  13511-2 0  9996
2 46297  97.3386 349.6809 0002366 195.2444 164.8740 15.56777932226159
FLOCK 4Y-24             
1 55020U 23001M   24273.61156167  .00038771  00000+0  11570-2 0  9990
2 55020  97.4131 335.4575 0009360 154.4790 205.6917 15.34486342 96756
FLOCK 4Y-32             
1 55021U 23001N   24273.12166413  .00040093  00000+0  11774-2 0  9998
2 55021  97.4105 335.1180 0009172 153.5384 206.6329 15.34987157 96698
FLOCK 4Y-22             
1 55022U 23001P   24273.92902398  .00046970  00000+0  13954-2 0  9999
2 55022  97.4111 335.7800 0009635 146.1046 214.0814 15.34580416 96800
FLOCK 4Y-18             
1 55023U 23001Q   24274.13876232  .00040053  00000+0  11905-2 0  9991
2 55023  97.4158 336.3825 0009118 155.0689 205.0996 15.34607077 96842
FLOCK 4Y-14             
1 55024U 23001R   24274.13362804  .00046378  00000+0  13755-2 0  9998
2 55024  97.4126 336.1140 0009442 155.0959 205.0742 15.34638524 96835
FLOCK 4Y-30             
1 55025U 23001S   24273.07296319  .00039481  00000+0  11693-2 0  9994
2 55025  97.4173 335.4033 0009596 157.7890 202.3770 15.34719200 96689
FLOCK 4Y-25             
1 55027U 23001U   24274.17057449  .00051394  00000+0  15200-2 0  9992
2 55027  97.4086 335.9139 0009343 151.6390 208.5364 15.34702007 96846
FLOCK 4Y-5              
1 55028U 23001V   24274.15974343  .00050845  00000+0  15185-2 0  9994
2 55028  97.4145 336.1643 0010021 147.2959 212.8906 15.34390430 96846
FLOCK 4Y-10             
1 55029U 23001W   24274.15181612  .00044259  00000+0  13191-2 0  9991
2 55029  97.4139 336.2990 0009605 151.0626 209.1152 15.34493469 96844
FLOCK 4Y-29             
1 55030U 23001X   24274.13758828  .00052965  00000+0  14587-2 0  9993
2 55030  97.4128 336.7954 0009177 140.1355 220.0565 15.36930377 96892
FLOCK 4Y-17             
1 55031U 23001Y   24273.91091417  .00048343  00000+0  14392-2 0  9992
2 55031  97.4162 336.0821 0009597 152.7888 207.3860 15.34507556 96807
FLOCK 4Y-7              
1 55032U 23001Z   24273.60904689  .00037002  00000+0  11665-2 0  9993
2 55032  97.4136 335.2979 0010649 148.1534 212.0354 15.32739347 96748
FLOCK 4Y-28             
1 55033U 23001AA  24274.13106052  .00070299  00000+0  14946-2 0  9991
2 55033  97.4068 339.6313 0007666 141.6310 218.5485 15.44713773 97091
FLOCK 4Y-3              
1 55035U 23001AC  24273.42765640  .00255933  00000+0  46454-2 0  9997
2 55035  97.4087 336.0641 0010296 194.4668 165.6289 15.48589058 96784
FLOCK 4Y-1              
1 55039U 23001AG  24274.12876196  .00114396  00000+0  20836-2 0  9991
2 55039  97.4157 339.2259 0008784 139.7490 220.4412 15.49027925 97049
FLOCK 4Y-16             
1 55040U 23001AH  24274.15155425  .00049040  00000+0  14404-2 0  9998
2 55040  97.4174 336.6049 0008933 152.7136 207.4578 15.34936027 96858
FLOCK 4Y-33             
1 55042U 23001AK  24273.75225766  .00036332  00000+0  10869-2 0  9992
2 55042  97.4145 335.6408 0009627 151.0626 209.1153 15.34420368 96789
FLOCK 4Y-11             
1 55043U 23001AL  24273.60222516  .00035391  00000+0  11500-2 0  9994
2 55043  97.4169 334.9949 0010341 151.9074 208.2728 15.31781137 96700
FLOCK 4Y-4              
1 55055U 23001AY  24273.92739164  .00049254  00000+0  14402-2 0  9991
2 55055  97.4135 336.2026 0011337 149.9600 210.2296 15.35052107 96823
FLOCK 4Y-35             
1 55057U 23001BA  24273.63916685  .00047370  00000+0  14002-2 0  9999
2 55057  97.4152 335.9111 0010438 158.0166 202.1527 15.34730059 96773
FLOCK 4Y-20             
1 55063U 23001BG  24274.12392816  .00043802  00000+0  13099-2 0  9996
2 55063  97.4173 336.3482 0011871 155.5506 204.6302 15.34365113 96831
FLOCK 4Y-12             
1 55065U 23001BJ  24274.13771908  .00038419  00000+0  11405-2 0  9999
2 55065  97.4163 336.5093 0011468 155.1632 205.0165 15.34632146 96846
FLOCK 4Y-6              
1 55066U 23001BK  24273.63171603  .00041993  00000+0  12526-2 0  9996
2 55066  97.4200 336.1025 0011494 153.4681 206.7152 15.34460247 96771
FLOCK 4Y-15             
1 55068U 23001BM  24273.91701267  .00051007  00000+0  15054-2 0  9990
2 55068  97.4080 335.7732 0012056 151.0747 209.1167 15.34741448 96814
FLOCK 4Y-9              
1 55069U 23001BN  24274.16848598  .00046625  00000+0  13945-2 0  9995
2 55069  97.4153 336.3088 0011757 157.0574 203.1196 15.34346940 96845
FLOCK 4Y-26             
1 55070U 23001BP  24274.14480929  .00047521  00000+0  14031-2 0  9998
2 55070  97.4176 336.3523 0011142 151.7378 208.4472 15.34757024 96852
FLOCK 4Y-8              
1 55071U 23001BQ  24273.90236591  .00056946  00000+0  15491-2 0  9998
2 55071  97.4133 336.6147 0010784 157.4742 202.6977 15.37278768 96852
FLOCK 4Y-2              
1 55074U 23001BT  24273.08425808  .00042305  00000+0  12535-2 0  9991
2 55074  97.4143 335.3034 0011973 159.2287 200.9445 15.34663590 96682
FLOCK 4Y-21             
1 55077U 23001BW  24274.11496092  .00040801  00000+0  12049-2 0  9991
2 55077  97.4156 336.4303 0012088 156.2854 203.8948 15.34776417 96846
FLOCK 4Y-36             
1 55078U 23001BX  24274.13795685  .00049292  00000+0  14290-2 0  9997
2 55078  97.4138 336.4893 0011718 155.7618 204.4179 15.35317264 96869
FLOCK 4Y-13             
1 55079U 23001BY  24273.41692183  .00045419  00000+0  13461-2 0  9993
2 55079  97.4137 335.5846 0012290 155.7008 204.4817 15.34635301 96735
FLOCK 4Y-23             
1 55080U 23001BZ  24274.14357976  .00044530  00000+0  13166-2 0  9999
2 55080  97.4151 336.4626 0012544 150.7148 209.4801 15.34712466 96861
FLOCK 4Y-34             
1 55082U 23001CB  24273.91703067  .00048216  00000+0  14321-2 0  9990
2 55082  97.4120 335.9977 0012122 150.6023 209.5904 15.34554561 96815
FLOCK 4Y-27             
1 55083U 23001CC  24273.08237044  .00046379  00000+0  13247-2 0  9990
2 55083  97.4161 335.8176 0012165 154.6193 205.5651 15.35794173 96721
FLOCK 4Q-1              
1 58270U 23174Q   24273.67258904  .00021681  00000+0  91773-3 0  9995
2 58270  97.4509 347.3298 0009962 229.4273 130.6097 15.23154837 49591
FLOCK 4Q-16             
1 58271U 23174R   24273.44925568  .00019434  00000+0  83037-3 0  9995
2 58271  97.4471 346.8770 0009820 231.4050 128.6307 15.22860607 49553
FLOCK 4Q-11             
1 58273U 23174T   24273.24610124  .00019495  00000+0  83413-3 0  9999
2 58273  97.4501 346.7951 0009761 231.3343 128.7021 15.22813980 49520
FLOCK 4Q-36             
1 58274U 23174U   24273.47627193  .00022456  00000+0  93224-3 0  9991
2 58274  97.4503 347.2827 0009492 225.0145 135.0323 15.23809957 49573
FLOCK 4Q-12             
1 58275U 23174V   24273.49045459  .00021512  00000+0  88041-3 0  9996
2 58275  97.4456 347.2291 0008927 227.0187 133.0302 15.24303856 49580
FLOCK 4Q-19             
1 58278U 23174Y   24273.67246499  .00026404  00000+0  10926-2 0  9997
2 58278  97.4454 347.2553 0008698 225.0828 134.9704 15.23892120 49602
FLOCK 4Q-8              
1 58279U 23174Z   24273.17706070  .00095227  00000+0  37208-2 0  9990
2 58279  97.4518 346.9946 0010545 236.9530 123.0695 15.25429208 49525
FLOCK 4Q-28             
1 58280U 23174AA  24273.17088250  .00022245  00000+0  93260-3 0  9996
2 58280  97.4508 346.9403 0009754 226.8775 133.1647 15.23477088 49529
FLOCK 4Q-27             
1 58282U 23174AC  24274.14021805  .00023881  00000+0  98923-3 0  9997
2 58282  97.4444 347.7119 0009166 219.0929 140.9646 15.23873000 49670
FLOCK 4Q-17             
1 58283U 23174AD  24273.17858346  .00025193  00000+0  10337-2 0  9998
2 58283  97.4444 346.8147 0009148 221.4242 138.6302 15.24183041 49535
FLOCK 4Q-26             
1 58284U 23174AE  24274.18017267  .00028545  00000+0  11787-2 0  9994
2 58284  97.4510 348.0543 0009788 222.1853 137.8631 15.23937519 49688
FLOCK 4Q-31             
1 58285U 23174AF  24273.45108168  .00017709  00000+0  73744-3 0  9997
2 58285  97.4530 347.4156 0010206 222.7386 137.3058 15.23749990 49578
FLOCK 4Q-30             
1 58286U 23174AG  24273.65612836  .00021501  00000+0  89563-3 0  9993
2 58286  97.4536 347.6043 0010724 224.8527 135.1844 15.23693610 49607
PELICAN-1               
1 58296U 23174AS  24274.14157247  .00053622  00000+0  18211-2 0  9999
2 58296  97.4475 347.8568 0013962 232.5362 127.4610 15.30210793 49671
FLOCK 4Q-25             
1 58303U 23174AZ  24273.93236252  .00029851  00000+0  12408-2 0  9997
2 58303  97.4447 347.4588 0009324 208.2664 151.8068 15.23708452 49640
FLOCK 4Q-29             
1 58304U 23174BA  24273.17104079  .00023062  00000+0  96848-3 0  9994
2 58304  97.4527 347.0310 0010985 214.3549 145.6979 15.23400874 49520
FLOCK 4Q-22             
1 58306U 23174BC  24273.67007473  .00023279  00000+0  97258-3 0  9997
2 58306  97.4451 347.2344 0010127 211.0272 149.0368 15.23581900 49601
FLOCK 4Q-23             
1 58307U 23174BD  24273.93460991  .00027815  00000+0  11610-2 0  9992
2 58307  97.4528 347.8155 0011068 213.2973 146.7569 15.23566450 49644
FLOCK 4Q-33             
1 58308U 23174BE  24274.20269135  .00027749  00000+0  11537-2 0  9995
2 58308  97.4463 347.9468 0010709 208.7678 151.2970 15.23704073 49690
FLOCK 4Q-35             
1 58309U 23174BF  24273.19068763  .00023141  00000+0  95979-3 0  9992
2 58309  97.4500 347.0654 0011340 218.5916 141.4512 15.23816905 49531
FLOCK 4Q-32             
1 58310U 23174BG  24273.24846930  .00053278  00000+0  16554-2 0  9995
2 58310  97.4502 348.9990 0009802 200.4891 159.5959 15.33122889 49661
FLOCK 4Q-14             
1 58311U 23174BH  24273.45056830  .00020041  00000+0  85387-3 0  9994
2 58311  97.4452 346.9127 0010003 207.8641 152.2061 15.22949459 49566
FLOCK 4Q-20             
1 58313U 23174BK  24273.63451520  .00027878  00000+0  11337-2 0  9999
2 58313  97.4516 347.7133 0011721 212.8759 147.1750 15.24438541 49610
FLOCK 4Q-24             
1 58314U 23174BL  24273.45857978  .00105769  00000+0  40658-2 0  9991
2 58314  97.4441 347.0800 0010422 218.6688 141.3805 15.25926281 49570
FLOCK 4Q-6              
1 58315U 23174BM  24274.15540803  .00026947  00000+0  11267-2 0  9990
2 58315  97.4440 347.6512 0009847 205.3451 154.7304 15.23527334 49673
FLOCK 4Q-34             
1 58316U 23174BN  24274.16226696  .00029927  00000+0  12395-2 0  9997
2 58316  97.4489 347.8851 0011282 209.2730 150.7876 15.23811124 49688
FLOCK 4Q-7              
1 58318U 23174BQ  24273.93734755  .00025772  00000+0  10812-2 0  9999
2 58318  97.4525 347.7891 0011665 208.5920 151.4678 15.23405350 49646
FLOCK 4Q-15             
1 58319U 23174BR  24274.17412429  .00031992  00000+0  13082-2 0  9991
2 58319  97.4510 348.2106 0011214 207.1383 152.9269 15.24228553 49690
FLOCK 4Q-2              
1 58320U 23174BS  24274.14632907  .00021947  00000+0  93166-3 0  9996
2 58320  97.4466 347.7375 0010816 206.0745 153.9948 15.23047902 49670
FLOCK 4Q-9              
1 58322U 23174BU  24273.65856099  .00021533  00000+0  91297-3 0  9997
2 58322  97.4482 347.3782 0010913 207.0063 153.0607 15.23092136 49605
FLOCK 4Q-10             
1 58324U 23174BW  24273.48342920  .00024684  00000+0  10275-2 0  9999
2 58324  97.4485 347.3249 0010796 206.7677 153.3005 15.23687368 49583
FLOCK 4Q-4              
1 58327U 23174BZ  24272.95621245  .00020299  00000+0  87148-3 0  9995
2 58327  97.4462 346.3836 0009368 232.0425 127.9965 15.22694097 49485
FLOCK 4Q-13             
1 58328U 23174CA  24273.48009152  .00021244  00000+0  89820-3 0  9992
2 58328  97.4538 347.1956 0010628 229.9198 130.1108 15.23192489 49568
FLOCK 4Q-21             
1 58329U 23174CB  24274.19388226  .00030342  00000+0  12511-2 0  9995
2 58329  97.4522 348.0617 0009759 226.6788 133.3637 15.23973243 49688
FLOCK 4BE-18            
1 60480U 24149N   24273.66789014  .00018977  00000+0  91625-3 0  9994
2 60480  97.4380 348.5083 0004860 318.3976  41.6888 15.18696043  6652
FLOCK 4BE-7             
1 60481U 24149P   24273.93015161  .00020316  00000+0  97898-3 0  9998
2 60481  97.4413 348.7889 0003638 317.1158  42.9793 15.18754496  6697
FLOCK 4BE-4             
1 60482U 24149Q   24274.18388129  .00095332  00000+0  43116-2 0  9997
2 60482  97.4401 349.0585 0004152 311.6967  48.3913 15.20503401  6731
FLOCK 4BE-16            
1 60483U 24149R   24273.66583860  .00021744  00000+0  10453-2 0  9993
2 60483  97.4395 348.5205 0003070 322.6483  37.4538 15.18824172  6651
FLOCK 4BE-26            
1 60484U 24149S   24273.66306225  .00019252  00000+0  92468-3 0  9990
2 60484  97.4362 348.5051 0004157 322.3818  37.7125 15.18877102  6657
FLOCK 4BE-36            
1 60486U 24149U   24273.92711673  .00028037  00000+0  13417-2 0  9995
2 60486  97.4373 348.7680 0005328 331.3373  28.7567 15.18920755  6695
FLOCK 4BE-25            
1 60487U 24149V   24273.66119303  .00021658  00000+0  10379-2 0  9995
2 60487  97.4424 348.5452 0002867 324.0617  36.0424 15.18934012  6654
FLOCK 4BE-31            
1 60488U 24149W   24273.66023148  .00021469  00000+0  10255-2 0  9990
2 60488  97.4420 348.5466 0003551 332.4972  27.6074 15.19047835  6650
FLOCK 4BE-20            
1 60489U 24149X   24273.59338014  .00017729  00000+0  85027-3 0  9998
2 60489  97.4353 348.4382 0004347 326.4519  33.6439 15.18945850  6640
FLOCK 4BE-23            
1 60490U 24149Y   24273.66288735  .00017677  00000+0  85138-3 0  9997
2 60490  97.4417 348.5393 0003922 326.8857  33.2131 15.18800369  6654
FLOCK 4BE-15            
1 60491U 24149Z   24273.92474689  .00021778  00000+0  10430-2 0  9991
2 60491  97.4347 348.7583 0004504 332.8731  27.2267 15.18950436  6693
FLOCK 4BE-17            
1 60492U 24149AA  24273.66164286  .00018057  00000+0  86835-3 0  9991
2 60492  97.4429 348.5478 0003350 330.9892  29.1156 15.18850163  6651
FLOCK 4BE-22            
1 60494U 24149AC  24273.65945818  .00020382  00000+0  97531-3 0  9999
2 60494  97.4366 348.5093 0005430 339.2558  20.8455 15.18989370  6651
FLOCK 4BE-34            
1 60495U 24149AD  24273.65828323  .00018099  00000+0  86727-3 0  9998
2 60495  97.4412 348.5452 0003601 335.0772  25.0288 15.18972850  6659
FLOCK 4BE-32            
1 60497U 24149AF  24274.17957350  .00021112  00000+0  10023-2 0  9996
2 60497  97.4351 349.0291 0004729 336.5111  23.5907 15.19258461  6731
FLOCK 4BE-30            
1 60499U 24149AH  24273.45706517  .00018812  00000+0  89607-3 0  9993
2 60499  97.4424 348.3623 0003650 345.8664  14.2468 15.19171903  6007
FLOCK 4BE-11            
1 60501U 24149AK  24273.19257533  .00017255  00000+0  82207-3 0  9996
2 60501  97.4353 348.0566 0005245 346.7317  13.3779 15.19177196  6580
FLOCK 4BE-33            
1 60502U 24149AL  24273.19102718  .00017434  00000+0  83121-3 0  9996
2 60502  97.4374 348.0664 0005004 352.6098   7.5062 15.19151175  6587
FLOCK 4BE-10            
1 60503U 24149AM  24273.19125852  .00016265  00000+0  77530-3 0  9999
2 60503  97.4418 348.1033 0003351 352.3913   7.7270 15.19180845  6583
FLOCK 4BE-24            
1 60505U 24149AP  24273.64530071  .00019993  00000+0  94226-3 0  9996
2 60505  97.4349 348.5203 0005368 351.6862   8.4283 15.19522084  6651
TANAGER-1               
1 60507U 24149AR  24274.17460411  .00022540  00000+0  10604-2 0  9996
2 60507  97.4385 349.0578 0004854 352.8476   7.2689 15.19560874  6732
FLOCK 4BE-29            
1 60509U 24149AT  24274.16980666  .00023896  00000+0  11204-2 0  9998
2 60509  97.4425 349.0926 0004030   2.6842 357.4414 15.19668463  6738
FLOCK 4BE-2             
1 60511U 24149AV  24273.96696955  .00022580  00000+0  10539-2 0  9992
2 60511  97.4434 348.9059 0003993   4.4287 355.6982 15.19838019  6709
FLOCK 4BE-13            
1 60512U 24149AW  24273.24773607  .00018107  00000+0  85325-3 0  9990
2 60512  97.4344 348.1324 0005749 356.4280   3.6912 15.19545572  6590
FLOCK 4BE-27            
1 60513U 24149AX  24274.16930334  .00017332  00000+0  81972-3 0  9998
2 60513  97.4427 349.0906 0005171  10.3808 349.7532 15.19431867  6739
FLOCK 4BE-9             
1 60514U 24149AY  24273.63867820  .00019233  00000+0  90234-3 0  9992
2 60514  97.4408 348.5686 0004032  14.7184 345.4167 15.19692767  6654
FLOCK 4BE-8             
1 60515U 24149AZ  24273.17835388  .00030365  00000+0  14229-2 0  9994
2 60515  97.4364 348.0794 0005621  11.1867 348.9492 15.19630158  6582
FLOCK 4BE-6             
1 60516U 24149BA  24274.16459591  .00019855  00000+0  93131-3 0  9994
2 60516  97.4418 349.0915 0004475  12.5919 347.5426 15.19690756  6737
FLOCK 4BE-14            
1 60517U 24149BB  24274.15775872  .00024907  00000+0  11551-2 0  9996
2 60517  97.4363 349.0668 0006013   0.6165 359.5076 15.20029016  6734
FLOCK 4BE-1             
1 60518U 24149BC  24273.63270514  .00020805  00000+0  96804-3 0  9990
2 60518  97.4407 348.5734 0005473   9.5586 350.5752 15.19956678  6650
FLOCK 4BE-28            
1 60519U 24149BD  24273.96308578  .00022471  00000+0  10446-2 0  9997
2 60519  97.4375 348.8762 0006781   2.6895 357.4375 15.19964509  6704
FLOCK 4BE-35            
1 60558U 24149CU  24273.97113265  .00019152  00000+0  90214-3 0  9992
2 60558  97.4411 348.8921 0003436   8.3588 351.7703 15.19556960  6701
FLOCK 4BE-5             
1 60559U 24149CV  24273.17851281  .00015655  00000+0  73643-3 0  9993
2 60559  97.4424 348.1215 0004066  11.1969 348.9355 15.19644597  6581
FLOCK 4BE-12            
1 60560U 24149CW  24273.63935834  .00021508  00000+0  10076-2 0  9997
2 60560  97.4361 348.5349 0005671   6.2688 353.8617 15.19712376  6656
FLOCK 4BE-3             
1 60561U 24149CX  24273.64069689  .00020179  00000+0  94748-3 0  9997
2 60561  97.4351 348.5285 0006081 358.1513   1.9698 15.19645335  6657
FLOCK 4BE-19            
1 60563U 24149CZ  24273.63432608  .00021678  00000+0  10090-2 0  9995
2 60563  97.4368 348.5473 0005988   6.5608 353.5704 15.19933442  6653
